
-------------------------
| 0 0 0 | 0 0 0 | 0 0 0 | 
| 0 0 0 | 0 8 0 | 6 3 9 | 
| 0 0 0 | 0 0 0 | 0 0 7 | 
-------------------------
| 0 0 0 | 0 0 1 | 0 0 6 | 
| 0 0 0 | 4 0 0 | 0 5 0 | 
| 0 0 0 | 0 6 0 | 0 0 0 | 
-------------------------
| 0 0 0 | 0 0 4 | 7 6 5 | 
| 0 6 0 | 0 0 0 | 0 0 2 | 
| 0 0 0 | 0 0 6 | 0 8 4 | 
-------------------------

145557834293068818967123186184138639150053661850001995726848.000000
535390179359740802290100192681543970366423040.000000

-------------------------
| 0 0 0 | 0 0 0 | 0 0 0 | 
| 0 0 0 | 0 8 0 | 6 3 9 | 
| 0 0 0 | 0 0 0 | 0 0 7 | 
-------------------------
| 0 0 0 | 0 0 1 | 0 0 6 | 
| 0 0 0 | 4 0 0 | 0 5 0 | 
| 0 0 0 | 0 6 0 | 0 0 0 | 
-------------------------
| 0 0 0 | 0 0 4 | 7 6 5 | 
| 0 6 0 | 0 0 0 | 0 0 2 | 
| 0 0 0 | 0 0 6 | 0 8 4 | 
-------------------------


-------------------------
| 9 8 9 | 7 7 5 | 5 3 2 | 
| 5 5 5 | 4 1 3 | 1 1 1 | 
| 8 7 8 | 6 6 4 | 5 3 1 | 
-------------------------
| 7 7 7 | 6 5 1 | 5 4 1 | 
| 7 6 7 | 1 4 5 | 5 1 3 | 
| 8 8 8 | 6 1 6 | 6 5 3 | 
-------------------------
| 5 5 5 | 5 4 1 | 1 1 1 | 
| 7 1 7 | 6 5 5 | 3 2 1 | 
| 6 6 6 | 6 6 1 | 3 1 1 | 
-------------------------

Solution (Par Backtracking)

-------------------------
| 1 2 3 | 6 7 9 | 5 4 8 | 
| 4 5 7 | 1 8 2 | 6 3 9 | 
| 6 8 9 | 3 4 5 | 1 2 7 | 
-------------------------
| 2 3 5 | 8 9 1 | 4 7 6 | 
| 7 9 6 | 4 2 3 | 8 5 1 | 
| 8 4 1 | 5 6 7 | 2 9 3 | 
-------------------------
| 9 1 8 | 2 3 4 | 7 6 5 | 
| 3 6 4 | 7 5 8 | 9 1 2 | 
| 5 7 2 | 9 1 6 | 3 8 4 | 
-------------------------

Verbosity : Candidat (4,6) - Action (Selection)  : 8
Candidat (5,6) - Action (Selection)  : 2
Candidat (4,4) - Action (Selection)  : 2
Candidat (7,5) - Action (Selection)  : 8
Candidat (5,3) - Action (Selection)  : 5
Candidat (3,6) - Action (Selection)  : 4
Candidat (5,1) - Action (Selection)  : 4
Candidat (7,7) - Action (Selection)  : 1
Candidat (4,2) - Action (Selection)  : 6
Candidat (7,2) - Action (Selection)  : 4
Candidat (0,3) - Action (Selection)  : 6
Candidat (1,5) - Action (Selection)  : 2
Candidat (2,4) - Action (Selection)  : 4
Candidat (1,3) - Action (Selection)  : 1
